100031,3818,20100918
100050,8309,20130810
100056,4008,20101023
100088,6853,20120514
100088,8463,20130830
100115,5070,20110521
100174,4370,20110114
100278,4296,20101220
100278,6977,20120628
100278,9491,20150502
100286,6459,20120217
100300,3794,20100911
100300,6985,20120630
100401,4159,20101120
100437,3800,20100911
100482,3954,20101015
100482,7331,20121011
100508,6430,20120211
100508,7793,20130302
100508,9265,20150124
100522,6611,20120317
100616,5802,20111001
100639,4368,20110114
100648,4591,20110303
100761,4581,20110228
100783,3805,20100910
100849,4811,20110409
100869,6612,20120317
100873,4766,20110402
100873,7534,20121210
100876,4409,20110122
100895,6152,20111210
100974,6822,20120505
100992,4704,20110324
101098,4445,20110129
101098,7313,20121006
101155,4248,20101211
101158,5763,20110926
101221,4265,20101213
101221,7056,20120721
101227,4845,20110415
101299,8289,20130805
101299,9542,20150522
101322,5038,20110516
101327,3827,20100918
101368,3804,20100910
101501,4007,20101023
101504,5189,20110611
101598,5412,20110722
101598,7044,20120716
101754,4815,20110409
101757,4006,20101023
101863,6247,20120106
102041,4288,20101218
102102,5415,20110722
102102,9481,20150428
102141,8373,20130819
102159,5997,20111105
102190,4079,20101106
102264,3824,20100918
102309,8252,20130727
102350,3699,20100820
102422,4063,20101104
102467,3845,20100923
102496,4242,20101209
102496,6984,20120630
102534,6711,20120409
102567,4042,20101030
102598,4947,20110502
102601,6148,20111209
102760,4117,20101113
102817,3802,20100910
102829,4677,20110317
102845,5273,20110625
102845,8308,20130810
102886,4983,20110507
102895,4454,20110131
102924,5455,20110728
102954,7572,20121220
102958,3952,20101014
102958,7203,20120906
102980,3899,20101002
102980,8401,20130822
103009,4934,20110429
103009,7548,20121215
103029,6252,20120107
103029,7611,20130107
103029,9350,20150310
103079,5847,20111008
103171,3922,20101009
103410,3799,20100911
103410,7334,20121013
103413,5057,20110519
103423,6280,20120112
103525,3816,20100916
103525,7370,20121018
103537,3757,20100903
103537,8313,20130810
103541,7442,20121110
103541,9307,20150221
103572,4067,20101105
103572,7229,20120913
103621,4155,20101120
103659,4032,20101028
103679,6458,20120217
103682,4691,20110319
103712,4595,20110304
103720,3884,20100930
103737,3964,20101016
103739,4859,20110416
103768,4499,20110210
103773,4022,20101025
103790,3758,20100903
103853,5279,20110625
103941,4269,20101216
103989,6499,20120225
104001,7383,20121022
104001,9461,20150422
104004,5560,20110815
104010,3821,20100917
104019,4168,20101120
104059,5723,20110917
104059,7834,20130314
104059,9162,20141115
104068,7426,20121105
104078,4808,20110408
104084,7947,20130502
104153,8166,20130624
104156,5795,20110930
104156,7513,20121203
104161,4104,20101111
104161,8371,20130819
104207,7855,20130323
104232,5020,20110514
104232,7523,20121208
104235,4102,20101111
104235,7085,20120728
104263,4095,20101108
104393,3971,20101018
104393,7311,20121006
104511,3919,20101008
104525,3858,20100925
104563,3956,20101015
104563,7007,20120705
104590,5794,20110930
104590,7184,20120827
104682,4019,20101025
104727,3863,20100924
104785,4156,20101120
104816,7621,20130110
104836,3924,20101009
104848,4021,20101025
104848,7451,20121112
104930,7412,20121101
104960,6570,20120309
104969,5789,20110929
104978,3820,20100917
104991,5229,20110618
105033,3829,20100918
105054,5745,20110922
105054,7816,20130309
105083,4378,20110115
105099,5420,20110723
105112,7315,20121006
105115,5940,20111027
105166,4111,20101112
105168,3881,20100930
105168,8408,20130823
105176,5077,20110521
105176,8158,20130622
105176,9212,20141220
105215,4244,20101210
105244,4697,20110321
105244,7854,20130323
105272,8238,20130720
105272,9304,20150217
105309,8243,20130725
105309,9535,20150515
105332,3852,20100925
105334,3826,20100918
105365,5750,20110923
105370,4066,20101105
105370,6955,20120621
105376,4049,20101030
105402,3951,20101014
105402,8232,20130718
105522,3855,20100925
105522,7263,20120922
105525,3730,20100827
105634,7507,20121201
105672,3853,20100925
105672,9431,20150410
105765,3861,20100924
105767,3817,20100916
105767,7117,20120806
105767,9233,20150110
105781,7869,20130330
105799,3953,20101015
105860,7503,20121201
105860,9306,20150221
105866,5332,20110709
105866,7838,20130316
105866,9444,20150418
105979,5588,20110819
106006,4081,20101106
106039,4266,20101213
106057,4338,20110107
106057,7955,20130504
106071,7265,20120922
106086,4073,20101106
106093,3822,20100917
106154,5224,20110617
106228,3736,20100828
106246,5720,20110917
106246,7502,20121201
106267,3916,20101008
106270,5319,20110707
106313,4638,20110311
106331,4045,20101030
106408,6457,20120217
106473,4650,20110312
106483,4152,20101119
106486,4153,20101119
106530,4899,20110423
106530,8337,20130815
106573,3906,20101002
106573,7506,20121201
106573,9197,20141213
106667,5992,20111105
106714,3928,20101009
106717,3927,20101009
106782,4003,20101022
106800,3911,20101007
106800,7554,20121215
106802,5416,20110722
106802,7084,20120728
106802,9164,20141115
106808,4281,20101218
106808,7952,20130504
106808,9308,20150221
106880,5237,20110617
106919,5907,20111021
106982,4001,20101021
106982,7825,20130311
107051,4908,20110425
107055,7434,20121108
107060,4195,20101129
107091,5902,20111020
107168,4064,20101104
107253,7703,20130202
107366,5591,20110819
107394,8138,20130615
107516,4570,20110225
107522,4906,20110425
107591,4559,20110221
107591,7708,20130202
107591,9176,20141122
107628,4160,20101120
107628,8110,20130608
107631,4397,20110120
107642,4270,20101216
107642,7096,20120802
107672,5841,20111007
107694,8003,20130518
107694,9312,20150221
107753,5981,20111104
107864,4695,20110321
107867,5948,20111029
107867,8278,20130803
107867,9274,20150131
107903,6577,20120310
107903,8006,20130518
107929,4222,20101206
108005,5230,20110618
108012,4054,20101101
108012,9384,20150321
108034,7603,20130105
108141,5796,20111001
108141,9470,20150425
108154,4844,20110415
108202,4040,20101029
108202,6979,20120628
108211,4578,20110226
108211,7733,20130209
108286,4293,20101220
108286,7097,20120802
108300,4065,20101104
108300,7254,20120920
108302,5026,20110514
108315,4158,20101120
108315,6999,20120702
108321,5835,20111006
108334,6421,20120210
108358,4151,20101119
108366,4952,20110430
108372,6250,20120107
108375,4172,20101122
108428,4209,20101203
108513,5322,20110708
108560,4682,20110318
108631,4011,20101023
108661,6069,20111119
108689,6613,20120317
108701,4215,20101204
108701,7071,20120726
108748,4441,20110128
108805,4004,20101022
108952,4745,20110328
108972,8283,20130804
108972,9325,20150228
109083,4476,20110205
109088,4280,20101218
109222,6362,20120128
109233,7368,20121018
109270,3967,20101016
109301,4254,20101211
109321,4076,20101106
109333,4113,20101112
109335,7401,20121027
109464,6606,20120317
109502,4853,20110416
109505,4070,20101105
109505,7853,20130323
109505,9161,20141115
109511,5078,20110521
109513,6276,20120112
109521,5120,20110527
109521,8314,20130810
109521,9250,20150117
109523,4465,20110204
109549,5660,20110901
109575,6216,20111222
109577,4937,20110429
109577,8140,20130615
109577,9341,20150307
109581,5559,20110815
109593,4194,20101129
109600,4264,20101213
109600,7008,20120705
109642,7549,20121215
109645,4571,20110225
109646,8354,20130817
109647,6028,20111112
109649,4039,20101029
109654,4548,20110219
109667,6255,20120106
109675,4216,20101204
109725,4902,20110423
109725,7016,20120707
109729,7905,20130413
109731,4047,20101030
109732,4118,20101113
109733,4372,20110114
109735,7546,20121213
109741,4396,20110120
109757,8272,20130803
109785,6293,20120114
109853,4744,20110328
109914,4594,20110304
109980,4203,20101202
109980,7526,20121208
110023,4579,20110226
110092,7654,20130119
110103,4214,20101204
110131,6474,20120220
110153,5263,20110624
110166,4202,20101202
110166,7525,20121208
110168,4767,20110402
110176,4804,20110408
110177,4572,20110225
110177,7039,20120714
110177,9472,20150425
110214,5871,20111013
110232,6640,20120324
110261,4285,20101218
110289,4932,20110428
110292,5235,20110618
110295,6158,20111210
110304,5381,20110715
110324,6223,20111223
110354,4241,20101209
110354,7206,20120906
110508,4843,20110415
110509,4399,20110121
110510,4402,20110121
110511,4401,20110121
110586,6183,20111215
110590,4353,20110110
110689,6027,20111112
110689,8212,20130711
110724,4612,20110305
110727,7413,20121101
110825,4330,20110106
110828,4573,20110226
110885,6215,20111222
110961,4617,20110305
110967,4295,20101220
111001,6076,20111121
111102,4444,20110129
111122,7631,20130112
111201,5977,20111103
111230,4640,20110311
111272,5791,20110929
111282,6790,20120427
111372,4287,20101218
111663,4511,20110212
111663,7205,20120906
111706,5999,20111107
111818,7499,20121129
111820,6249,20120107
111839,4941,20110430
111848,4361,20110113
111851,4362,20110113
111857,4852,20110415
111873,4479,20110205
111884,4854,20110416
111901,4398,20110120
112003,8311,20130810
112003,9125,20141025
112007,5945,20111028
112028,4546,20110219
112031,5185,20110610
112061,4614,20110305
112061,9104,20141011
112083,5799,20111001
112126,4533,20110217
112126,7032,20120712
112126,9323,20150228
112145,4729,20110326
112200,4696,20110321
112249,4735,20110326
112269,4339,20110108
112332,4438,20110128
112332,7089,20120730
112391,6188,20111216
112391,7606,20130105
112408,6541,20120303
112429,4636,20110310
112463,4352,20110110
112530,6261,20120109
112545,4418,20110124
112556,4575,20110226
112573,4653,20110314
112598,5161,20110606
112598,8403,20130822
112608,4415,20110122
112624,4417,20110124
112633,4611,20110305
112633,7573,20121220
112694,4576,20110226
112694,9510,20150509
112715,4577,20110226
112715,8273,20130803
112715,9276,20150131
112755,4543,20110218
112781,4770,20110402
112789,5756,20110924
112792,4776,20110401
112792,7544,20121213
112799,4500,20110210
112799,7875,20130401
112802,6401,20120206
112812,4807,20110408
112824,4949,20110502
112824,7633,20130112
112861,5158,20110604
112904,4757,20110331
113054,5027,20110514
113054,8135,20130615
113070,8190,20130701
113111,4469,20110204
113111,7031,20120712
113111,9137,20141103
113124,7630,20130112
113124,9410,20150402
113127,4732,20110326
113149,4416,20110124
113187,4647,20110312
113187,7533,20121210
113187,9247,20150117
113204,4646,20110312
113216,4506,20110211
113220,4505,20110211
113220,7634,20130112
113223,5639,20110829
113288,6240,20120105
113340,6650,20120326
113340,7884,20130406
113401,4826,20110411
113417,4839,20110414
113433,5139,20110602
113492,8457,20130830
113523,6533,20120302
113551,4453,20110131
113668,4775,20110402
113744,5850,20111008
113753,4680,20110318
113753,7382,20121022
113929,6697,20120406
113932,4818,20110409
114004,5187,20110611
114069,5918,20111022
114084,4885,20110421
114117,5387,20110716
114131,4560,20110221
114165,5149,20110604
114179,4781,20110404
114185,4730,20110326
114194,8341,20130815
114281,4866,20110418
114326,4582,20110228
114347,4930,20110428
114412,8416,20130824
114436,4733,20110326
114445,5625,20110825
114445,8142,20130617
114466,4898,20110423
114469,4466,20110204
114545,6575,20120310
114616,4615,20110305
114672,8464,20130831
114709,5056,20110519
114712,5197,20110613
114713,5800,20111001
114713,8346,20130817
114723,6756,20120420
114738,4738,20110326
114738,7055,20120721
114785,4981,20110506
114790,4566,20110224
114806,4792,20110407
114818,4413,20110122
114824,4513,20110212
114842,4825,20110411
114857,4641,20110311
114891,5501,20110805
114891,8370,20130819
114912,5470,20110730
114935,4516,20110214
114935,7452,20121112
114935,9342,20150307
114990,6848,20120512
115043,4706,20110325
115051,4618,20110305
115096,5259,20110623
115190,5107,20110526
115267,4810,20110409
115267,9179,20141122
115276,5012,20110512
115291,8128,20130613
115320,4806,20110408
115320,9496,20150504
115382,5474,20110730
115400,6553,20120305
115454,4868,20110418
115475,5378,20110715
115492,5657,20110901
115529,4655,20110314
115544,4929,20110428
115571,6759,20120421
115571,8276,20130803
115571,9399,20150328
115665,4734,20110326
115704,6598,20120315
115749,5561,20110815
115783,5008,20110512
115799,5435,20110725
115799,7148,20120811
115800,5436,20110725
115800,7149,20120811
115881,4939,20110430
115891,5393,20110718
115954,5394,20110718
115954,8336,20130815
115969,8302,20130808
115978,5179,20110609
116019,7298,20121001
116034,5434,20110725
116034,7552,20121215
116046,4794,20110407
116051,4855,20110416
116051,8320,20130811
116051,9475,20150425
116086,5744,20110922
116130,4725,20110324
116147,4946,20110502
116147,7063,20120723
116191,5385,20110716
116210,4997,20110509
116210,8082,20130530
116210,9280,20150131
116244,5024,20110514
116244,7901,20130413
116354,8412,20130824
116354,9489,20150502
116360,4998,20110509
116360,8083,20130530
116360,9275,20150131
116371,4936,20110429
116397,8177,20130629
116531,5270,20110625
116591,5722,20110917
116597,4965,20110505
116618,5274,20110625
116624,6664,20120329
116666,5241,20110620
116672,5019,20110513
116672,9492,20150502
116687,5022,20110514
116762,5086,20110523
116762,8251,20130727
116774,5028,20110514
116777,5152,20110604
116795,5073,20110521
116812,5061,20110520
116812,7087,20120730
116817,5060,20110520
116817,7088,20120730
116843,6574,20120310
116843,8339,20130815
116874,5325,20110708
116922,4886,20110421
116943,5679,20110910
116961,5914,20111022
117060,4979,20110506
117129,5267,20110624
117129,7209,20120908
117129,9469,20150425
117138,5062,20110520
117201,5243,20110620
117226,7296,20121001
117226,9448,20150418
117256,6617,20120319
117256,7954,20130504
117352,5085,20110523
117352,8282,20130803
117394,6258,20120107
117397,5109,20110526
117397,7423,20121103
117397,9261,20150124
117466,5277,20110627
117466,7872,20130330
117493,7476,20121117
117529,6873,20120519
117562,5472,20110730
117595,5482,20110801
117595,9324,20150228
117640,6366,20120128
117694,5514,20110808
117838,5382,20110715
117838,8244,20130725
117838,9406,20150330
117847,5336,20110709
117847,7140,20120809
117895,5195,20110611
117982,5473,20110730
117982,7073,20120726
118000,5147,20110603
118009,5500,20110805
118057,5323,20110708
118057,7167,20120823
118126,5730,20110919
118162,5266,20110624
118162,7440,20121110
118201,5072,20110521
118276,5264,20110624
118321,6112,20111202
118393,5225,20110617
118513,5409,20110721
118513,7058,20120721
118546,7369,20121018
118546,9462,20150422
118573,5199,20110613
118606,5749,20110923
118609,6392,20120204
118615,6564,20120308
118615,7267,20120922
118615,9375,20150317
118630,5630,20110826
118672,5244,20110620
118672,9419,20150406
118702,5552,20110813
118708,5331,20110709
118738,5177,20110609
118738,8316,20130810
118759,5108,20110526
118759,9447,20150418
118807,8351,20130817
118861,5191,20110611
118864,5010,20110512
118978,6114,20111202
118990,7292,20120929
119065,6601,20120316
119287,5039,20110516
119302,7999,20130516
119317,5260,20110623
119317,7882,20130404
119338,5413,20110722
119386,5009,20110512
119485,5122,20110527
119527,7335,20121013
119542,5556,20110812
119632,5223,20110616
119671,5484,20110801
119683,5146,20110603
119725,5716,20110916
119725,8342,20130815
119728,5148,20110604
119791,5079,20110521
119848,5718,20110917
119878,6385,20120202
119971,5064,20110520
119971,7052,20120719
120013,6361,20120128
120052,6364,20120128
120052,7639,20130114
120055,5909,20111021
120127,5231,20110618
120217,7996,20130513
120220,5275,20110627
120292,6192,20111217
120364,5605,20110822
120403,5153,20110604
120403,7504,20121201
120448,5321,20110707
120508,5427,20110723
120514,5912,20111022
120514,7656,20130119
120562,5693,20110912
120562,8203,20130706
120562,9295,20150214
120613,5458,20110728
120613,9455,20150421
120646,5188,20110611
120684,8247,20130727
120695,5337,20110709
120730,5569,20110818
120808,7422,20121103
120808,9301,20150214
120818,6757,20120420
120832,5426,20110723
120850,5159,20110606
120873,5333,20110709
120902,5233,20110618
120902,6989,20120630
120922,5389,20110716
120922,8317,20130810
120925,5227,20110616
120925,7492,20121126
120940,5234,20110618
120951,6194,20111217
120976,5753,20110924
120976,7509,20121201
120997,5549,20110813
121000,5755,20110924
121000,7776,20130225
121000,9310,20150221
121001,5410,20110721
121001,8084,20130530
121001,9150,20141108
121011,6682,20120402
121011,8183,20130629
121017,5465,20110729
121035,5631,20110826
121042,6000,20111107
121042,7638,20130114
121050,6127,20111205
121050,7704,20130202
121050,9340,20150307
121085,5537,20110811
121085,7602,20130105
121085,9343,20150307
121099,5507,20110806
121100,6431,20120211
121120,5118,20110527
121407,5462,20110729
121407,8093,20130601
121407,9180,20141122
121449,5428,20110723
121458,5276,20110627
121458,7795,20130304
121461,5510,20110806
121461,7761,20130218
121476,5271,20110625
121518,4980,20110506
121518,7425,20121105
121566,5366,20110714
121587,8231,20130718
121605,5608,20110822
121654,5075,20110521
121670,5186,20110610
121670,7421,20121103
121677,5468,20110730
122091,7283,20120927
122124,5632,20110826
122235,5373,20110714
122271,5294,20110630
122277,5641,20110829
122277,7860,20130325
122325,5320,20110707
122340,6803,20120430
122352,5192,20110611
122430,7289,20120929
122433,7375,20121020
122437,5178,20110609
122438,6387,20120203
122451,5395,20110718
122481,5463,20110729
122508,5496,20110804
122508,8175,20130627
122508,9537,20150518
122522,5154,20110603
122522,9446,20150418
122528,5987,20111105
122579,5886,20111017
122630,5594,20110820
122669,6332,20120121
122732,5295,20110701
122732,8165,20130624
122801,7465,20121115
122801,9471,20150425
122861,5793,20110930
122879,5878,20111015
122895,8449,20130829
122896,6464,20120218
122901,6841,20120510
122910,5183,20110610
122910,6965,20120623
122911,5550,20110813
122911,9113,20141018
122913,5344,20110711
122913,7022,20120709
122916,6311,20120119
122916,8096,20130603
124926,5883,20111015
124926,7798,20130302
124947,5941,20111027
124992,8221,20130713
124992,9328,20150228
125073,7553,20121215
125073,9525,20150516
125106,5457,20110728
125133,6073,20111121
125151,5504,20110805
125181,5557,20110813
125184,5589,20110819
125187,5801,20111001
125217,5683,20110910
125220,6784,20120426
125220,7789,20130302
125220,9234,20150110
125226,5846,20111008
125235,6126,20111205
125250,5345,20110711
125250,7635,20130112
125280,5515,20110808
125292,5391,20110716
125316,6536,20120303
125352,6355,20120127
125454,5469,20110730
125454,7839,20130316
125493,7736,20130211
125498,5475,20110730
125501,5724,20110917
125503,8257,20130729
125504,5806,20110930
125505,6017,20111110
125506,6370,20120130
125506,8303,20130808
125508,5516,20110808
125508,7512,20121203
125511,5572,20110818
125511,7735,20130211
125521,5836,20111006
125524,5293,20110630
125535,7484,20121119
125554,5571,20110818
125554,7750,20130214
125556,5956,20111029
125557,5340,20110709
125558,5480,20110801
126146,6201,20111219
126176,5980,20111103
126176,9482,20150429
126203,5677,20110909
126203,7718,20130204
126230,5483,20110801
126230,8246,20130725
126236,5495,20110804
126293,5596,20110820
126293,7146,20120811
126293,9541,20150522
126311,5538,20110811
126344,6535,20120303
126347,6122,20111203
126365,5606,20110822
126389,5642,20110829
126389,7179,20120825
126395,5494,20110804
126395,8106,20130608
126395,9494,20150502
126425,5764,20110926
126488,7287,20120929
126503,5678,20110909
126516,5759,20110924
126532,6580,20120310
126532,8363,20130818
126554,5464,20110729
126554,8375,20130819
126555,8290,20130805
126627,6389,20120204
126672,5788,20110929
126681,6435,20120211
126681,8208,20130708
126681,9415,20150404
126741,5882,20111015
126786,6296,20120114
126834,6256,20120106
126837,5544,20110812
126852,5592,20110820
126852,7019,20120707
126852,9488,20150502
126903,5511,20110806
126903,7888,20130406
126906,5686,20110910
126921,5547,20110813
126930,5673,20110908
126960,5954,20111029
127008,6680,20120402
127008,8191,20130701
127011,5812,20111003
127011,7609,20130107
127029,6120,20111203
127029,7791,20130302
127035,5590,20110819
127082,5551,20110813
127082,7017,20120707
127082,9345,20150307
127091,6740,20120416
127104,6609,20120317
127104,8269,20130801
127128,5545,20110812
127128,7441,20121110
127128,9463,20150422
127179,5876,20111014
127236,5682,20110910
127236,7165,20120823
127236,9532,20150516
127305,6526,20120301
127350,5680,20110910
127353,5926,20111024
127386,5658,20110901
127417,5546,20110812
127417,7921,20130425
127417,9511,20150509
127449,5508,20110806
127453,5911,20111021
127453,7505,20121201
127453,9414,20150404
127488,5844,20111008
127527,5845,20111008
127542,6026,20111111
127542,7751,20130216
127611,5908,20111021
127641,5947,20111028
127668,6018,20111110
127725,5986,20111105
127725,7689,20130126
127725,9394,20150328
127731,5949,20111029
127806,6329,20120121
127806,7818,20130309
127854,6029,20111112
127884,6118,20111203
127959,5731,20110919
127959,8365,20130818
127977,6102,20111201
128016,8442,20130827
128061,6297,20120114
128079,5919,20111022
128154,6172,20111212
128208,5849,20111008
128208,7475,20121117
128307,5955,20111029
128475,5913,20111022
128508,6470,20120218
128517,6141,20111208
128601,5721,20110917
128613,6488,20120223
128619,6214,20111222
128691,6349,20120126
128727,8425,20130826
128913,8435,20130826
128979,6033,20111112
129191,8469,20130831
129215,6123,20111203
129223,8443,20130828
129237,8394,20130822
129272,5848,20111008
129335,6542,20120303
129336,6275,20120112
129354,6202,20111219
129354,7890,20130408
129405,6554,20120305
129411,6193,20111217
129429,8219,20130713
129429,9531,20150516
129435,6466,20120218
129486,6638,20120324
129525,5978,20111103
129552,6487,20120223
129552,8395,20130822
129591,6072,20111119
129600,6149,20111209
129720,6465,20120218
129720,9411,20150402
129741,5855,20111010
129816,6032,20111112
129839,6022,20111111
129839,8239,20130720
129839,9273,20150129
129886,5910,20111021
129886,8213,20130711
129914,6468,20120218
129926,6189,20111216
129965,6358,20120128
129965,7688,20130126
130034,5873,20111013
130067,5989,20111105
130088,5982,20111104
130106,8101,20130606
130121,6151,20111209
130121,8092,20130601
130121,9474,20150425
130151,6507,20120227
130154,6335,20120121
130154,7868,20130330
130178,5957,20111031
130178,8414,20130824
130199,6327,20120121
130199,7883,20130406
130211,6070,20111119
130211,7690,20130126
130211,9383,20150321
130250,6530,20120302
130332,5983,20111104
130346,6805,20120430
130405,6140,20111208
130411,6068,20111119
130438,8327,20130812
130480,6154,20111210
130615,5990,20111105
130618,6065,20111119
130639,6036,20111112
130687,6083,20111128
130693,6119,20111203
130759,6121,20111203
130845,6067,20111119
130858,5985,20111104
130859,5984,20111104
130861,6024,20111111
130861,7823,20130311
130863,6469,20120218
130863,7797,20130304
130881,6155,20111210
130881,7833,20130314
130896,6506,20120227
130896,7659,20130121
130896,9248,20150117
130908,6417,20120209
131010,6041,20111114
131076,6500,20120225
131082,6190,20111217
131085,6284,20120113
131160,6492,20120224
131172,6103,20111201
131220,6173,20111212
131220,7902,20130413
131224,8167,20130624
131251,5874,20111014
131306,6286,20120113
131405,6429,20120211
131444,6544,20120303
131447,6391,20120204
131474,6460,20120217
131534,6529,20120301
131543,6369,20120130
131543,7660,20130121
131552,6200,20111219
131561,8256,20130729
131603,6639,20120324
131622,6025,20111111
131622,7824,20130311
131635,6116,20111202
131651,6415,20120209
131657,6242,20120105
131657,7662,20130121
131666,6637,20120323
131666,9124,20141025
131702,6066,20111119
131729,6129,20111205
131729,8284,20130804
131738,6295,20120114
131747,8108,20130608
131747,9445,20150418
131798,6251,20120107
131798,7707,20130202
131810,6497,20120225
131810,8452,20130829
131819,6182,20111215
131837,6540,20120303
131867,6075,20111121
131927,6702,20120407
131951,8340,20130815
131993,6294,20120114
132059,6241,20120105
132071,6326,20120120
132083,6433,20120211
132083,7692,20130126
132086,6610,20120317
132097,6186,20111216
132097,8162,20130622
132097,9477,20150427
132111,6699,20120407
132130,6260,20120109
132179,6323,20120120
132179,8318,20130811
132179,9214,20141220
132209,6351,20120126
132224,6324,20120120
132224,7648,20130117
132224,9381,20150321
132296,6489,20120223
132431,6473,20120220
132470,6393,20120204
132554,6353,20120127
132560,6360,20120128
132566,6439,20120213
132605,6402,20120206
132641,6388,20120203
132641,8237,20130720
132641,9181,20141122
132657,6414,20120209
132657,7723,20130207
132658,6352,20120126
132782,6498,20120225
132785,6698,20120406
132788,6357,20120127
132791,6396,20120204
132905,6285,20120113
132995,6338,20120123
132995,8474,20130831
133007,6259,20120109
133007,7622,20130110
133007,9231,20150110
133145,6579,20120310
133220,6694,20120405
133228,6354,20120127
133240,6677,20120331
133240,8285,20130804
133242,6416,20120209
135130,8329,20130812
135484,8361,20130818
136004,8091,20130601
138587,8372,20130819
138788,8347,20130817
138788,9478,20150425
138875,8434,20130826
138908,8458,20130830
138923,8287,20130805
138929,8430,20130824
138986,8397,20130822
139100,8465,20130831
139151,8444,20130828
139181,8470,20130831
139272,8456,20130830
139427,8374,20130819
139430,8404,20130823
139469,8450,20130829
139490,8461,20130830
139496,8360,20130818
139532,8364,20130818
139538,8402,20130822
139553,8410,20130823
80010,2894,20100218
80010,7211,20120908
80179,2643,20091205
80199,2637,20091203
80208,3016,20100313
80249,2648,20091205
80263,6635,20120323
80263,8454,20130830
80263,9127,20141025
80265,3145,20100409
80289,2794,20100123
80373,7390,20121025
80396,2798,20100123
80425,2726,20100109
80498,3013,20100313
80537,2823,20100130
80537,9456,20150421
80557,3476,20100701
80557,7141,20120809
80557,9213,20141220
80575,2725,20100109
80603,2821,20100130
80607,2647,20091205
80680,2739,20100114
80688,3844,20100923
80765,3369,20100605
80812,2646,20091205
80812,7332,20121011
80854,2675,20091217
80854,7177,20120825
80889,3437,20100619
80895,2753,20100116
80961,2632,20091119
81005,2644,20091205
81043,2750,20100116
81043,7244,20120917
81047,3724,20100826
81098,2653,20091210
81162,3427,20100617
81222,3184,20100417
81222,9329,20150228
81231,5901,20111020
81287,2738,20100114
81323,3742,20100828
81323,7470,20121117
81353,3141,20100408
81353,7053,20120719
81407,7819,20130309
81456,6851,20120514
81462,6563,20120308
81462,8111,20130608
81521,6491,20120224
81528,3179,20100415
81533,6869,20120517
81544,2793,20100123
81595,2752,20100116
81604,2720,20100109
81644,2855,20100213
81659,2818,20100130
81662,2995,20100311
81705,6312,20120119
81725,6726,20120413
81754,2740,20100114
81760,3085,20100327
81826,2682,20091217
81855,3076,20100325
81865,6728,20120413
81865,8189,20130701
81876,6666,20120329
81876,7897,20130411
81903,2749,20100116
81903,7482,20121119
81906,6584,20120312
81939,2751,20100116
81939,8206,20130706
81982,2723,20100109
81982,9165,20141115
81989,2727,20100109
81992,6184,20111215
81992,8153,20130620
82003,4763,20110401
82021,2825,20100130
82039,3112,20100401
82039,9108,20141011
82051,2856,20100213
82051,7190,20120830
82051,9530,20150516
82063,3118,20100402
82063,8330,20130812
82063,9199,20141213
82066,6629,20120322
82066,8117,20130610
82096,4411,20110122
82096,7057,20120721
82124,5712,20110915
82124,7186,20120827
82155,3043,20100320
82202,3370,20100605
82208,6552,20120305
82217,3309,20100520
82229,6619,20120319
82232,2706,20100107
82232,7116,20120806
82281,3325,20100522
82293,3297,20100515
82293,7214,20120908
82311,4481,20110205
82311,7282,20120927
82359,6815,20120503
82359,9262,20150124
82373,2952,20100304
82383,2906,20100220
82423,6565,20120308
82453,6675,20120331
82458,2728,20100109
82467,4335,20110107
82489,3677,20100814
82492,3036,20100318
82511,3404,20100611
82587,3033,20100318
82674,3020,20100313
82709,8220,20130713
82746,3433,20100619
82754,4654,20110314
82784,3488,20100708
82790,3211,20100424
82825,3038,20100320
82877,2971,20100306
82877,7138,20120809
82907,2905,20100220
82907,9106,20141011
82914,3125,20100403
82914,8225,20130715
82935,3201,20100423
82940,4887,20110421
82962,3340,20100527
82962,6720,20120412
82982,2902,20100220
82985,6532,20120302
82989,2967,20100306
83010,4498,20110210
83010,7151,20120811
83010,9128,20141025
83013,5797,20111001
83035,2911,20100220
83044,6603,20120316
83080,2792,20100123
83103,2795,20100123
83113,2899,20100218
83127,6764,20120421
83207,3138,20100408
83253,6582,20120312
83253,8202,20130706
83260,7288,20120929
83322,2854,20100213
83328,3045,20100320
83328,7080,20120728
83339,6806,20120430
83358,2963,20100306
83372,2796,20100123
83372,7235,20120915
83423,6723,20120412
83423,8245,20130725
83429,3075,20100325
83454,5853,20111010
83454,6837,20120510
83525,2822,20100130
83531,4931,20110428
83580,3610,20100731
83612,3015,20100313
83616,3040,20100320
83632,6818,20120503
83648,3116,20100402
83708,3564,20100722
83832,6747,20120423
83835,6671,20120331
83835,8151,20130620
83835,9192,20141208
83937,2811,20100128
83972,3081,20100327
83987,3113,20100401
83990,2831,20100204
83999,2954,20100304
84002,8415,20130824
84050,5674,20110908
84053,3495,20100709
84059,4463,20110203
84069,3524,20100715
84096,6573,20120310
84103,5842,20111007
84103,8409,20130823
84103,9251,20150121
84107,2859,20100213
84136,6733,20120414
84136,8448,20130829
84171,8315,20130810
84203,8270,20130801
84203,9526,20150516
84233,2865,20100214
84258,6282,20120113
84258,7578,20130103
84288,3039,20100320
84321,2923,20100227
84332,2951,20100304
84332,9451,20150418
84354,6631,20120322
84354,9105,20141011
84356,3611,20100731
84365,2922,20100227
84371,6604,20120316
84385,4623,20110307
84385,8097,20130603
84394,2896,20100218
84412,4942,20110430
84446,3526,20100715
84476,8350,20130817
84508,5809,20111003
84511,3044,20100320
84525,2964,20100306
84535,3124,20100403
84659,6441,20120213
84685,6795,20120428
84688,8398,20130822
84732,5837,20111006
84735,3083,20100327
84758,3178,20100415
84761,8209,20130708
84803,3513,20100710
84814,2826,20100130
84816,2832,20100204
84891,6616,20120319
84970,3728,20100827
84970,7558,20121217
84973,2993,20100311
85005,8223,20130715
85054,6867,20120517
85057,3146,20100409
85063,3316,20100521
85063,7522,20121208
85063,9363,20150314
85083,3224,20100429
85083,7607,20130105
85139,3088,20100327
85159,3281,20100513
85165,3034,20100318
85173,3226,20100429
85230,3667,20100813
85258,6816,20120503
85286,3594,20100729
85369,6672,20120331
85369,8137,20130615
85369,9152,20141108
85392,3048,20100320
85392,9190,20141208
85394,2909,20100220
85397,6643,20120324
85397,7880,20130404
85400,6673,20120331
85400,7724,20130207
85400,9148,20141108
85412,3308,20100520
85412,7147,20120811
85412,9321,20150224
85433,6528,20120301
85464,3189,20100417
85483,3018,20100313
85547,3234,20100501
85603,2968,20100306
85632,3214,20100424
85679,3407,20100611
85715,5624,20110825
85715,7755,20130216
85743,6467,20120218
85751,6291,20120114
85765,3290,20100515
85812,3183,20100417
85822,3534,20100717
85853,6334,20120121
85862,3153,20100410
85876,5423,20110723
85902,6571,20120309
85948,3579,20100724
85960,3323,20100522
85960,9126,20141025
85980,3320,20100522
85983,3345,20100528
85983,6735,20120414
86061,7623,20130110
86061,9293,20150214
86076,5950,20111029
86126,3231,20100501
86126,7072,20120726
86162,3528,20100716
86171,3014,20100313
86212,6767,20120423
86252,6642,20120324
86287,3568,20100723
86303,4534,20110217
86303,8102,20130606
86350,7624,20130110
86435,3090,20100327
86440,3457,20100625
86444,7284,20120927
86460,3091,20100327
86486,6731,20120414
86486,8023,20130523
86506,3284,20100513
86514,3152,20100410
86517,8250,20130727
86583,3584,20100724
86626,3512,20100709
86626,7243,20120917
86626,9130,20141025
86633,3117,20100402
86690,4480,20110205
86707,3326,20100522
86722,3705,20100821
86722,7314,20121006
86769,5904,20111020
86820,3429,20100618
86820,7169,20120823
86853,3449,20100624
86880,6827,20120507
86921,3350,20100529
86921,7813,20130307
86924,3232,20100501
86946,3962,20101016
86946,7081,20120728
86946,9417,20150404
86972,5713,20110915
86974,8204,20130706
86990,3202,20100423
87045,3115,20100401
87045,9202,20141213
87048,3213,20100424
87048,7418,20121103
87053,5269,20110625
87064,3411,20100612
87122,7695,20130128
87135,4634,20110310
87135,9407,20150330
87144,3190,20100417
87144,7812,20130307
87166,5539,20110811
87166,8008,20130520
87189,5502,20110805
87189,6792,20120427
87195,6630,20120322
87209,3225,20100429
87277,3467,20100626
87277,7215,20120908
87277,9151,20141108
87282,3122,20100403
87300,6314,20120119
87300,7900,20130413
87344,3233,20100501
87346,7753,20130216
87381,5979,20111103
87445,4813,20110409
87457,3535,20100717
87470,4000,20101021
87530,3248,20100506
87538,7297,20121001
87538,9297,20150214
87548,3139,20100408
87563,4679,20110318
87601,6917,20120531
87604,4448,20110129
87646,6826,20120507
87670,3246,20100506
87679,3508,20100710
87679,7655,20130119
87696,3086,20100327
87699,5626,20110825
87737,3961,20101016
87737,8367,20130818
87772,6763,20120421
87804,3144,20100409
87804,9264,20150124
87842,6185,20111216
87842,8004,20130518
87862,3653,20100807
87878,3400,20100610
87878,7322,20121008
87905,3291,20100515
87905,6966,20120623
87936,5506,20110806
87947,3210,20100424
87990,3676,20100814
87990,7204,20120906
87990,9149,20141108
88013,3216,20100424
88023,6602,20120316
88055,3282,20100513
88075,3575,20100724
88075,7172,20120825
88094,3536,20100717
88120,7308,20121004
88137,3187,20100417
88149,6019,20111110
88162,3023,20100313
88166,6224,20111223
88181,6545,20120303
88181,7881,20130404
88181,9163,20141115
88190,3209,20100424
88190,9211,20141220
88209,7910,20130415
88229,3672,20100813
88229,7095,20120802
88241,3296,20100515
88283,7435,20121108
88305,3295,20100515
88384,4966,20110505
88395,3314,20100521
88402,3346,20100528
88402,6727,20120413
88402,9215,20141220
88412,4410,20110122
88425,3414,20100612
88425,7082,20120728
88486,3494,20100709
88486,7174,20120825
88505,4507,20110211
88505,7864,20130328
88541,6142,20111208
88547,3293,20100515
88568,3464,20100626
88568,8405,20130823
88589,3466,20100626
88589,7176,20120825
88589,9529,20150516
88608,4651,20110312
88618,4765,20110401
88621,3230,20100501
88672,4901,20110423
88677,6852,20120514
88677,9493,20150502
88760,3647,20100807
88760,7471,20121117
88770,3245,20100506
88770,7255,20120920
88773,3543,20100717
88773,9196,20141213
88844,3731,20100827
88859,3532,20100716
88859,9378,20150321
88867,3235,20100501
88867,7212,20120908
88867,9521,20150515
88869,3341,20100527
88902,6695,20120405
88902,8178,20130629
88907,6729,20120414
88918,3541,20100717
89044,5018,20110513
89044,6709,20120409
89053,3212,20100424
89063,3475,20100702
89063,9398,20150328
89104,5927,20111024
89115,3239,20100501
89115,7185,20120827
89115,9311,20150221
89184,4381,20110115
89186,4550,20110219
89260,3367,20100604
89279,6798,20120428
89279,9468,20150424
89288,3796,20100911
89300,3450,20100624
89320,5758,20110924
89367,5292,20110630
89367,8328,20130812
89377,5692,20110912
89383,3498,20100710
89502,4376,20110115
89505,4933,20110429
89525,3516,20100710
89534,3595,20100729
89557,3327,20100522
89561,4249,20101211
89567,7951,20130504
89627,5016,20110513
89627,7427,20121105
89653,3428,20100618
89653,7062,20120723
89716,3313,20100521
89731,4814,20110409
89731,8116,20130610
89786,3374,20100605
89786,7371,20121020
89816,3434,20100619
89834,3353,20100529
89878,3741,20100828
89881,3854,20100925
90021,7500,20121129
90042,3609,20100729
90050,4746,20110328
90060,4592,20110303
90066,5892,20111017
90077,3465,20100626
90077,7173,20120825
90077,9416,20150404
90113,3540,20100717
90113,7139,20120809
90113,9178,20141122
90116,5920,20111022
90116,8355,20130817
90211,4747,20110328
90217,3426,20100617
90217,8359,20130818
90241,3410,20100612
90241,6823,20120505
90262,3646,20100807
90281,4754,20110331
90281,9366,20150314
90367,6040,20111114
90369,3712,20100819
90369,7450,20121112
90369,9292,20150214
90428,3645,20100807
90462,3405,20100611
90508,4071,20101106
90520,5379,20110715
90577,5872,20111013
90613,3322,20100522
90626,4990,20110507
90666,3321,20100522
90666,9319,20150224
90667,3363,20100603
90683,6676,20120331
90732,6962,20120623
90736,8286,20130805
90742,4986,20110507
90742,7524,20121208
90744,3408,20100611
90746,3459,20100625
90750,4467,20110204
90765,7419,20121103
90772,3344,20100528
90783,4439,20110128
90785,4442,20110129
90849,6883,20120521
90849,9116,20141018
90877,3582,20100724
90877,7228,20120913
90877,9480,20150428
90946,3765,20100903
90964,3458,20100625
91025,6881,20120521
91025,8181,20130629
91074,6219,20111222
91093,5232,20110618
91104,3463,20100626
91121,7865,20130328
91121,9166,20141115
91145,3897,20101001
91152,4544,20110219
91152,7417,20121103
91187,3798,20100911
91187,7408,20121027
91210,6703,20120407
91216,8312,20130810
91227,6846,20120512
91241,3596,20100730
91241,7472,20121117
91247,5190,20110611
91262,3714,20100819
91310,3435,20100619
91332,3362,20100603
91335,3907,20101002
91335,6845,20120512
91335,9160,20141115
91341,3474,20100702
91341,7237,20120915
91364,3493,20100709
91364,6997,20120702
91393,3703,20100821
91398,6865,20120517
91404,3651,20100807
91404,6817,20120503
91413,5481,20110801
91422,3372,20100605
91422,7256,20120920
91460,3432,20100618
91460,7210,20120908
91466,6730,20120414
91469,3578,20100724
91486,3489,20100708
91489,4756,20110331
91517,6608,20120317
91555,3634,20100806
91560,4075,20101106
91674,8127,20130613
91674,9309,20150221
91717,7870,20130330
91723,3409,20100612
91726,5719,20110917
91726,9216,20141220
91740,3397,20100610
91800,4375,20110115
91800,9230,20150110
91833,6597,20120315
91855,3883,20100930
91855,8201,20130706
91855,9395,20150328
91897,5196,20110613
91919,3497,20100710
91919,7262,20120922
91933,6153,20111210
91956,3567,20100722
91962,6749,20120420
91962,8406,20130823
91962,9200,20141213
92014,4377,20110115
92037,6035,20111112
92043,3581,20100722
92043,9201,20141213
92051,3490,20100708
92089,5916,20111022
92182,3373,20100605
92182,7079,20120728
92193,3643,20100805
92193,8326,20130812
92211,3683,20100814
92275,3711,20100821
92312,4030,20101028
92362,4489,20110207
92403,3902,20101002
92403,7871,20130330
92403,9344,20150307
92500,4540,20110218
92554,4043,20101030
92579,4253,20101211
92582,3502,20100710
92669,3613,20100731
92848,4150,20101119
92848,9396,20150328
92860,3371,20100605
92881,4678,20110317
92881,7775,20130225
92886,5762,20110926
92886,7852,20130323
92886,9303,20150217
92891,3670,20100813
92896,6987,20120630
92896,8222,20130713
92918,6762,20120421
92918,9294,20150214
92927,6872,20120519
92962,3725,20100826
92970,3895,20101001
92970,6838,20120510
93020,7037,20120714
93020,8462,20130831
93042,3523,20100715
93042,7227,20120913
93051,3918,20101008
93083,5554,20110813
93116,4031,20101028
93156,4596,20110304
93161,3663,20100812
93169,4053,20101101
93204,4944,20110430
93204,9177,20141122
93206,3648,20100807
93242,5388,20110716
93242,8160,20130622
93267,4824,20110411
93274,4069,20101105
93274,7706,20130202
93274,9153,20141108
93275,3713,20100819
93278,3456,20100625
93282,4380,20110115
93292,4945,20110430
93298,4512,20110212
93309,7439,20121110
93321,6878,20120519
93321,8139,20130615
93330,5681,20110910
93330,9433,20150411
93341,3635,20100806
93406,4795,20110407
93463,3430,20100618
93463,8271,20130801
93469,3633,20100805
93469,7345,20121015
93517,4478,20110205
93542,3473,20100701
93542,7189,20120830
93549,6901,20120526
93588,3702,20100820
93598,4250,20101211
93659,6986,20120630
93659,9103,20141011
93686,7404,20121027
93705,5419,20110723
93723,7574,20121220
93726,3692,20100814
93726,8471,20130831
93734,3616,20100731
93755,7444,20121110
93759,3598,20100730
93771,5884,20111015
93787,3615,20100731
93787,7236,20120915
93808,3586,20100724
93811,5811,20111003
93811,8362,20130818
93856,4009,20101023
93856,7373,20121020
93856,9364,20150314
93862,3682,20100814
93867,4371,20110114
93879,3618,20100731
93891,3664,20100812
93919,3739,20100828
93948,5346,20110711
93948,6902,20120526
93949,3727,20100827
93949,7377,20121020
93952,3756,20100902
93969,4541,20110218
94028,6645,20120324
94028,7886,20130406
94028,9217,20141220
94108,3759,20100903
94113,3792,20100911
94113,7264,20120922
94144,3755,20100902
94144,9427,20150407
94164,3865,20100924
94213,4907,20110425
94276,4005,20101022
94276,7168,20120823
94321,4768,20110402
94324,3923,20101009
94333,7445,20121110
94357,7443,20121110
94418,3894,20101001
94433,4676,20110317
94445,4487,20110207
94480,7501,20121129
94492,4608,20110304
94572,4046,20101030
94599,3904,20101002
94612,4173,20101122
94621,3903,20101002
94643,4220,20101203
94674,4271,20101216
94697,5751,20110923
94725,4139,20101115
94758,6432,20120211
94815,4041,20101029
94848,3638,20100806
94906,4010,20101023
95010,4488,20110207
95015,3709,20100821
95044,6157,20111210
95044,9397,20150328
95051,4545,20110219
95057,4119,20101113
95057,7266,20120922
95075,4072,20101106
95116,3998,20101021
95123,4201,20101202
95123,9107,20141011
95251,4038,20101029
95257,4284,20101218
95378,6150,20111209
95378,7083,20120728
95378,9232,20150110
95387,4094,20101108
95395,4982,20110507
95435,6101,20111201
95460,4278,20101217
95460,7272,20120924
95460,9380,20150321
95558,4861,20110416
95570,4812,20110409
95570,7705,20130202
95587,4193,20101129
95624,3529,20100716
95745,4332,20110106
95754,4989,20110507
95754,7474,20121117
95865,6505,20120227
95891,5946,20111028
95930,3600,20100730
95939,3668,20100813
95939,9490,20150502
95957,6115,20111202
95992,4449,20110129
95992,9439,20150411
95998,5261,20110623
96012,3934,20101011
96030,8419,20130825
96083,6002,20111107
96118,3500,20100710
96123,4127,20101113
96149,6254,20120107
96149,7874,20130401
96161,3973,20101018
96201,4343,20110108
96204,5023,20110514
96213,5748,20110923
96213,8000,20130516
96224,4817,20110409
96235,3898,20101002
96343,4138,20101115
96356,4943,20110430
96420,6239,20120105
96420,7725,20130207
96420,9527,20150516
96574,6086,20111128
96580,4685,20110319
96585,4639,20110311
96591,5595,20110820
96602,4988,20110507
96651,3681,20100814
96659,5512,20110806
96659,7601,20130105
96832,5015,20110513
96832,8248,20130727
96902,5150,20110604
96902,7837,20130316
96904,4708,20110325
97049,4373,20110115
97092,4331,20110106
97106,3960,20101016
97124,4245,20101210
97271,6221,20111223
97271,9115,20141018
97339,4252,20101211
97342,4897,20110423
97383,3957,20101015
97383,6967,20120625
97395,4414,20110122
97415,3793,20100911
97456,5226,20110617
97456,7820,20130309
97485,4996,20110509
97485,8352,20130817
97485,9279,20150131
97513,4558,20110221
97562,3825,20100918
97565,3583,20100724
97573,6397,20120204
97597,6844,20120512
97600,4279,20101218
97600,8274,20130803
97646,6875,20120519
97667,3856,20100925
97694,4637,20110310
97694,8319,20130811
97694,9430,20150410
97767,4400,20110121
97851,3912,20101007
97857,5193,20110611
97857,7545,20121213
97904,4686,20110319
97975,4125,20101112
97991,4443,20110129
97994,3846,20100923
98092,4277,20101217
98253,3675,20100812
98253,7346,20121015
98277,3569,20100723
98300,4219,20101203
98311,3738,20100828
98314,3637,20100806
98319,4567,20110224
98319,7696,20130128
98320,3614,20100731
98339,4211,20101204
98345,7483,20121119
98345,9401,20150328
98366,3966,20101016
98366,7234,20120915
98368,4048,20101030
98394,6578,20120310
98422,5803,20111001
98425,4710,20110325
98425,7473,20121117
98427,5411,20110721
98450,3599,20100730
98488,4212,20101204
98488,8180,20130629
98529,4101,20101111
98532,3708,20100821
98532,7402,20121027
98532,9382,20150321
98535,5222,20110616
98535,7498,20121129
98555,3965,20101016
98567,3710,20100821
98585,4905,20110425
98585,9500,20150505
98588,3830,20100918
98672,6665,20120329
98718,7466,20121115
98751,6649,20120326
98751,9218,20141222
98831,4624,20110307
98831,7946,20130502
98849,4688,20110319
98871,6246,20120106
98871,7840,20130316
98879,6159,20111210
98882,3910,20101007
98885,8423,20130826
98897,8159,20130622
98902,4114,20101112
98902,6963,20120623
98908,6739,20120416
98934,7381,20121022
98975,5119,20110527
98975,7433,20121108
98999,3933,20101011
98999,7321,20121008
98999,9198,20141213
99079,6476,20120220
99091,6043,20111114
99244,6085,20111128
99259,6277,20120112
99268,3950,20101014
99268,7374,20121020
99274,5676,20110909
99340,6495,20120225
99352,4967,20110505
99399,4620,20110307
99408,3815,20100916
99410,3726,20100826
99410,7033,20120712
99416,5160,20110606
99419,5597,20110820
99428,3700,20100820
99433,3701,20100820
99436,3649,20100807
99480,7551,20121215
99503,4103,20101111
99518,5184,20110610
99538,5887,20111017
99578,4462,20110203
99604,6454,20120216
99604,8249,20130727
99604,9432,20150411
99610,5425,20110723
99637,5761,20110924
99648,4137,20101115
99771,5505,20110806
99791,6572,20120309
99838,5925,20111024
99838,7862,20130325
99844,4223,20101206
99844,8428,20130824
99862,3972,20101018
99920,6191,20111217
99920,7885,20130406
99949,7887,20130406
99949,9368,20150314
99991,6217,20111222
